2131 -15.0 0.0 -200.0 1.3
2132 -15.0 0.0 -200.0 1.3
2133 -15.0 0.0 -200.0 1.3
2134 -15.0 0.0 -200.0 1.3
2141 -15.0 0.0 -200.0 1.3
2147 -15.0 0.0 -200.0 1.3
2158 -15.0 0.0 -200.0 1.3
2170 -15.0 0.0 -200.0 1.3
2334 -15.0 0.0 -200.0 1.3
2335 -15.0 0.0 -200.0 1.3
2336 -15.0 0.0 -200.0 1.3
2337 -15.0 0.0 -200.0 1.3
2338 -15.0 0.0 -200.0 1.3
2339 -15.0 0.0 -200.0 1.3
2340 -15.0 0.0 -200.0 1.3
2341 -15.0 0.0 -200.0 1.3
2017 -15.0 0.0 -200.0 1.3
2135 -15.0 0.0 -200.0 1.3
2294 -15.0 0.0 -200.0 1.3
2170 -15.0 0.0 -200.0 1.3
2170 -15.0 0.0 -200.0 1.3
2170 -15.0 0.0 -200.0 1.3
