1704 -15.0 0.0 -200.0 1.3
1705 -15.0 0.0 -200.0 1.3
1708 -15.0 0.0 -200.0 1.3
1711 -15.0 0.0 -200.0 1.3
1720 -15.0 0.0 -200.0 1.3
1735 -15.0 0.0 -200.0 1.3
1825 -15.0 0.0 -200.0 1.3
2079 -15.0 0.0 -200.0 1.3
2120 -15.0 0.0 -200.0 1.3
11665 -15.0 0.0 -200.0 1.3
1429 -15.0 0.0 -200.0 1.3
1518 -15.0 0.0 -200.0 1.3
1417 -15.0 0.0 -200.0 1.3
1748 -15.0 0.0 -200.0 1.3
1749 -15.0 0.0 -200.0 1.3
1750 -15.0 0.0 -200.0 1.3
1751 -15.0 0.0 -200.0 1.3
1752 -15.0 0.0 -200.0 1.3
1781 -15.0 0.0 -200.0 1.3
1786 -15.0 0.0 -200.0 1.3
2091 -15.0 0.0 -200.0 1.3
2093 -15.0 0.0 -200.0 1.3
2296 -15.0 0.0 -200.0 1.3
2297 -15.0 0.0 -200.0 1.3
2311 -15.0 0.0 -200.0 1.3
2313 -15.0 0.0 -200.0 1.3
2314 -15.0 0.0 -200.0 1.3
2315 -15.0 0.0 -200.0 1.3
2321 -15.0 0.0 -200.0 1.3
2595 -15.0 0.0 -200.0 1.3
2596 -15.0 0.0 -200.0 1.3
2323 -15.0 0.0 -200.0 1.3
19172 -15.0 0.0 -200.0 1.3
19173 -15.0 0.0 -200.0 1.3
19174 -15.0 0.0 -200.0 1.3
19175 -15.0 0.0 -200.0 1.3
1433 -15.0 0.0 -200.0 1.3
1432 -15.0 0.0 -200.0 1.3
1825 -15.0 0.0 -200.0 1.3
1827 -15.0 0.0 -200.0 1.3
2764 -15.0 0.0 -200.0 1.3
2964 -15.0 0.0 -200.0 1.3
1417 -15.0 0.0 -200.0 1.3