499 -16.0 0.0 -55.0 0.9
442 -16.0 0.0 -55.0 0.9
482 -16.0 0.0 -55.0 0.9
498 -16.0 0.0 -55.0 0.9
578 -16.0 0.0 -55.0 0.9
455 -16.0 0.0 -55.0 0.9
403 -16.0 0.0 -55.0 0.9
414 -16.0 0.0 -55.0 0.9
514 -16.0 0.0 -55.0 0.9
443 -16.0 0.0 -55.0 0.9
413 -16.0 0.0 -55.0 0.9
515 -16.0 0.0 -55.0 0.9
600 -16.0 0.0 -55.0 0.9
440 -16.0 0.0 -55.0 0.9
543 -16.0 0.0 -55.0 0.9
459 -16.0 0.0 -55.0 0.9
531 -16.0 0.0 -55.0 0.9
552 -16.0 0.0 -55.0 0.9
478 -16.0 0.0 -55.0 0.9
456 -16.0 0.0 -55.0 0.9
554 -16.0 0.0 -55.0 0.9
508 -16.0 0.0 -55.0 0.9