445 -16.0 0.0 -55.0 0.9
504 -16.0 0.0 -55.0 0.9
401 -16.0 0.0 -55.0 0.9
518 -16.0 0.0 -55.0 0.9
527 -16.0 0.0 -55.0 0.9
542 -16.0 0.0 -55.0 0.9
507 -16.0 0.0 -55.0 0.9
562 -16.0 0.0 -55.0 0.9
585 -16.0 0.0 -55.0 0.9
419 -16.0 0.0 -55.0 0.9
526 -16.0 0.0 -55.0 0.9
466 -16.0 0.0 -55.0 0.9
492 -16.0 0.0 -55.0 0.9
474 -16.0 0.0 -55.0 0.9
546 -16.0 0.0 -55.0 0.9
517 -16.0 0.0 -55.0 0.9
410 -16.0 0.0 -55.0 0.9
551 -16.0 0.0 -55.0 0.9
516 -16.0 0.0 -55.0 0.9
467 -16.0 0.0 -55.0 0.9
426 -16.0 0.0 -55.0 0.9
436 -16.0 0.0 -55.0 0.9
547 -16.0 0.0 -55.0 0.9
405 -16.0 0.0 -55.0 0.9
580 -16.0 0.0 -55.0 0.9
560 -16.0 0.0 -55.0 0.9
550 -16.0 0.0 -55.0 0.9
549 -16.0 0.0 -55.0 0.9
540 -16.0 0.0 -55.0 0.9
491 -16.0 0.0 -55.0 0.9
529 -16.0 0.0 -55.0 0.9
421 -16.0 0.0 -55.0 0.9
480 -16.0 0.0 -55.0 0.9
533 -16.0 0.0 -55.0 0.9
439 -16.0 0.0 -55.0 0.9
555 -16.0 0.0 -55.0 0.9
545 -16.0 0.0 -55.0 0.9